1.1692961730656117 235788.34712953746
1.3282212991934241 205403.08660829978
1.6173537932748787 165730.86924236556
1.9694257984035761 133721.0724209254
2.384286778806724 107891.66465816213
2.920174505387695 85726.4698128199
3.5148917121477172 68110.92633373357
4.3048920365817755 53292.492982806696
5.272451319788004 41061.75337011681
6.570676154824825 30213.480244939226
8.14126373547085 22575.29396382168
12.001769537361044 12797.281787034244
16.03361483224376 7831.559244161912
22.435894864782398 4304.288433357491
26.84916708816396 3023.934936256117
32.13055586473216 2157.353508775881
40.98062865780653 1280.0561765479122
52.87744232907838 725.3041362175304
73.13932423587063 341.80508528874753
99.99999999999969 158.61428197427637
114.9151685765134 108.04358229532328
134.3698668437069 72.47747650255943