1.1087517236595412 361396.51842083485
1.3387690171664115 298518.9643637002
1.5594895040582828 252535.50798628954
1.969459156076823 194156.41647467023
2.399479031388015 152877.51234581668
2.9102990787653087 120373.36380035084
3.5298665323041774 94780.10526384726
4.319938686403294 72863.66211403492
5.431162380907987 54693.04471852835
6.983201614565216 38209.30978741405
8.978760230238892 26061.72534017501
11.237824907054788 17774.881573601302
13.090585281163754 13662.958744994268
15.386310873807206 10377.467384948386
18.578294713586285 7248.656042665556
22.432475028984204 5002.9025942213
25.665913434124914 3845.3848365874
30.167002809714205 2750.924221364331
36.589192627966156 1788.3003003239035
41.86319384733646 1342.0079564164932
50.77536119063307 851.7532355468793
58.09417031430549 609.287391924846
69.51927961775608 386.6924416678153
80.98080064853146 263.6866360585719
94.33196243883721 175.55266846658998
109.88430672824632 119.70984589046252
128.00073859351969 79.69832374488212