1.140438736571315 374009.9697852912
1.3230860465428458 316534.982542784
1.6819243248808724 240908.90430185603
1.9624742645938684 203884.04355171518
2.3969148466352954 159958.64220758397
2.894266124716749 127413.84521560311
3.534981105030109 98462.97391075475
4.268477070916645 76093.15182651124
5.3035388779429695 57048.09719445325
6.2593041418321915 45444.64059067934
7.77712104658152 32559.207814364923
10.348760529224228 20664.36391972925
13.00600511872376 13726.385054017861
15.615230060004981 10137.538524298585
18.324295864334182 7601.680258417108
22.000460018060792 5127.162372810293
25.965223161835826 3564.5546754684387
29.952067032539485 2673.048314373389
36.1670140677779 1775.8160955107303
42.441581953054325 1234.6229517011268
49.804716399926285 845.4784840291866
59.116968954498134 553.2864598231206
68.19411509962524 384.6899562756822
80.94473127508815 247.96488599524693
92.31250706746576 175.0392457818184
106.48667960191042 119.87485484605051
124.96091412919931 78.44980611205523
144.9740670372636 52.91858731186442