1.0180097511801844 67261.02729858768
1.295397637820291 62649.147701792775
1.6631454521231486 61183.228606900484
2.116320288223407 59751.61035841405
2.6929764661463675 53080.58892075073
3.4574801061721163 47154.359577473144
4.399576288099095 41889.769355825476
5.6485630984576 33850.33585467307
7.187686843213464 25478.254170468284
9.228184717621268 17861.915091293038
11.742685834509262 12229.35631976792
15.076293156004956 8177.045249581667
19.184290247449987 5339.571750698998
24.630479588448374 3405.1298366553433
31.341806932858752 2022.6120784898858
40.23936908624793 1145.845237474179
51.20381568180044 664.6945348043366
65.73996331028712 376.56111875358164
83.652826590131 208.33683723226284
107.40085826829598 112.56772310424631
136.66550633658662 60.82214001716652