1.077806195857749 132716.09298029865
1.3889235699828895 126762.27744014008
1.7795610480313584 122942.20461502028
2.28006608290871 113888.11511988424
2.921339140448008 103898.98279212775
3.7863676284321306 87805.47460526066
4.851290949845208 71968.56730011529
6.215726043959309 54643.87991209728
7.963911184256382 37850.62801684276
10.322079722367564 23918.698337524533
13.225184888197951 15114.785675601515
17.042740224722188 9698.642774312446
21.83604433756311 6035.7451907458535
27.977474632885492 3587.709542616788
36.26179610868239 2132.5717629562428
46.460497381768256 1229.422046150208
59.527603389851166 708.7585955207903
76.26985859023455 384.34178957366674
97.72090590104494 208.41879329046637
125.9288265438352 111.30421932675296
161.3465559839749 54.22746080296304