1.077105056036769 79985.99116255052
1.3849662999783425 100271.50641511226
1.7808213240902444 92891.98819243514
2.2767749225968235 87368.57867657546
2.9275292347386 77348.43942883474
3.7642840033014773 67449.64940593582
4.867936597839791 52908.16226286865
6.223642889280281 41503.23554383089
7.956909469707883 28846.695979043234
10.289800339006671 20049.05474223143
13.155480032420968 12535.192637872504
16.915616914826774 7603.677442169651
21.750486862053112 4612.28736683956
27.96727314873628 2840.3847698207123
35.960959050559616 1775.8494170770846
45.97598234661328 1093.641805988042
59.45570708544388 737.4568917619749
76.01394989278613 414.7598778766258
98.30052363342288 229.75892714806866
125.67693572573867 123.4889393520272
161.5982764997347 57.924497744112806