1.0318865166191582 126598.61961824905
1.3087153012669337 105764.57291545557
1.674762631073157 121988.58320982881
2.133604526501411 100701.8195984845
2.7303731583285513 92564.18973636761
3.494057821458273 81114.11235790155
4.431424251414578 63836.2449440087
5.696378407514678 47892.86526393162
7.289653968378069 33049.347335813145
9.286831706768012 23080.652042136604
11.831184789285844 15366.713359444362
15.208407443157915 9870.510189947678
19.28843454023785 5901.8064465143325
24.794336040991258 3614.026257235218
31.30533140962969 2135.2741822791477
40.2414672494923 1174.2684246255776
51.266594491398415 645.7898585135043
65.60584765338707 355.14851768024175
83.58016289659744 186.20081348702354
106.95751274759328 102.4000950603173
136.26112089411015 51.18228345832957