1.121632148490835 104960.73578536783
1.3854002898966624 83225.2498632984
1.6800570442901657 67621.75847136979
2.056178518083197 53619.807656194316
2.5165038964573445 42517.14001647199
3.05173178399015 34127.49333653649
3.700795732733156 27061.616328514097
5.294543422402946 16810.9811847977
7.930527833993265 9588.321835966417
10.255742278211178 6488.361273566676
13.75891688775886 4080.7426863321016
16.231882614803094 3044.8449160169766
19.68419447286612 2137.4918450983632
24.090978314358324 1482.3207903121154
27.648716477567326 1106.11381735082
32.9190775505644 776.5335198177639