1.1093186651688094 479968.583805678
1.326335264128881 387656.7524719822
1.7390031771983698 285724.737095259
1.9627549558510604 249070.22565827874
2.401461312159012 198127.65604924638
2.904549943673636 155205.54698021043
3.553762174015966 121586.68221171346
4.273547009472454 95244.48302637055
5.080218046913022 76924.7430625655
6.109173765367339 58442.776308746696
7.43171182737919 44402.99407073483
10.262757808940938 26829.26967190667
15.187169711142241 13494.941909349449
19.12502460246217 8799.48285634853
21.962263425637502 6582.803439170305
27.977474632885464 3976.4090923704666
31.759769855157383 3020.457172709716
41.401995764592264 1639.36058544655
49.78762407896842 1068.794206579127
57.17372594742421 775.4589135204118
68.35865228515696 497.8810075783122
79.86894953352089 334.651378156671
104.11706147084355 165.7018340157626
125.20510233833787 101.61757903460382
145.4465349318016 68.30108236359891