1.0692414957762317 220939.06839540915
1.3196443585566227 175730.5329526868
1.552635723247761 147067.8402474464
1.9532509660045096 111181.1007764011
2.3877313528477773 87318.74358006587
2.8772814568532956 68580.57950224681
3.467202695176744 53863.531379736065
4.218225596594927 41243.71423842549
5.034693084338484 31985.5072461545
6.154608260110861 24182.47933390574
7.854515814994181 16727.437778190408
10.615990958636852 10061.976630030827
12.670791317086927 7140.214924260757
14.695551107162608 5608.551700344992
18.050537348452167 3782.7340810806895
21.237471239356037 2650.582428593573
25.22720630833122 1833.8158932792483
29.68122544387456 1268.766177394346
35.08902812594902 866.7464867515499
40.50201549856091 615.1203846363609
47.88132362236814 404.5215764544404
56.06630987359286 279.88090710101176
65.65046379322011 186.41288547651777
76.14123867553356 127.35303857805313
89.15706498446458 83.75337672511972