1.1228190630452912 380050.88724630483
1.3354765079558266 315929.85087974736
1.6255502369462544 250787.63235092472
1.967215696716554 199081.0595145654
2.4084003490228207 158029.08338261527
2.8977673957199217 123538.5704764189
3.5271463250558504 96572.0324746982
4.293222850367602 75491.86800793005
5.286299346167554 55496.50211042602
6.896502489933512 38360.18447334755
9.983188341026905 21054.51390527959
12.873486116360414 13273.24557120705
15.668477961574377 9318.786473920256
18.419858746373343 6644.441708007249
21.40568055161667 4885.485026344848
25.457376139112764 3483.2935147986173
30.274814340433043 2335.6396811264176
35.59072093762993 1639.9791528081944
40.8837032241711 1187.510930824511
48.619411862837914 772.182730022337
55.84945701765703 550.6209357619423
66.41687369093222 358.04300099275684
76.2920540950349 247.59080905586129
90.20408891888547 160.99980966018424
104.21525265229236 107.96500579104281
121.10132771473157 72.39895321922211
137.50828199232785 50.84110961018352