1.1095519606126634 217095.13084630252
1.3974594654015449 170025.51390621217
1.7199597288212458 133161.32548149212
2.068560451006968 110860.31784226865
2.516707340645858 89517.33223385972
3.0620315978237223 69045.86028203597
3.682713288436683 55753.05334261886
4.532595546222813 43664.920118039874
5.5466025724171155 33679.30989967642
6.632701658390232 26377.109202661693
7.705942770414414 21626.77231887095
11.94653816853818 11213.759659426885
16.313688838195624 6671.327668764636
20.07965006939939 4767.330822086456
24.432176102393573 3304.2379137972716
29.38744993164138 2290.1679364045085
39.6733572371593 1205.7585907226876
47.720722166657964 810.5678729861787
55.4472081639616 579.2318105393908
64.42592496962133 401.4656797876794
76.16495310923091 274.03809844032037
90.044667321044 181.42890008486137
104.02455045906645 125.74840569939028
120.87183869881035 84.53401744213672