1.1235042319769235 57815.05335279917
1.4181564284025456 43629.60979419268
1.799585204034732 42390.72222100924
2.259555372078876 41770.71229484886
2.85215033912839 39461.46958984579
3.5811539271967483 35244.503209364964
4.520353656360243 30606.058299668068
5.7058695588001145 23423.153270816823
7.202300947456496 17676.071854836842
9.043193820813396 12610.808221586085
11.414877741680026 8386.973494969925
14.408563660065633 5127.223557599589
18.18737891410906 3047.643161285564
22.836034457980617 1736.8419606926493
28.67287651666677 1047.0001260158945
36.19267555526089 640.0644659409047
45.927093879935015 335.2899387207
57.665961838156576 170.7796900101473
72.405259592803 82.23594293092188
91.39439035401675 46.211843519561604