1.0469843245291899 19989.02249496233
1.258058676528166 18583.575978157904
1.5047612440993936 18137.406970486372
1.8081244340442661 19509.110429524357
2.1726463130332663 19509.110429524357
2.6106566078413387 17918.355677234234
3.1369707453903897 17276.947695816765
3.752123879121279 16258.549373378688
4.508560339391633 14398.304225528262
5.417496060576677 12750.90168316681
6.4798552437267105 11020.882162201504
7.822040132970553 9184.609283936006
9.398980698073267 7291.163443479576
11.345809661492092 5513.467286846571
13.508532608507645 3923.444794505201
16.306580969317825 2826.098763838407
19.594023704399227 1986.7948898792617
23.54422215490463 1431.1093634226495
28.161192861797005 993.9429956517259
33.52924149249558 681.9822746237531
40.47421782087932 414.394753206388
48.63390951736118 261.1479034232813
58.43861307982381 177.01949936852665
70.2199665333146 103.7125075141182
83.60520191900082 64.56934564479754