1.108459225189725 448038.96929336636
1.3379846114165541 367950.56461738626
1.6058471308061182 302178.2194878783
1.9830635266698444 237137.37056616455
2.407366771795848 191820.375512453
2.939125015052893 150532.95219995896
3.5476543778688456 119935.39462092306
4.3312883806973455 94120.49672680632
5.287918406872563 71657.7484117211
6.346432635286334 57092.48511907505
7.792332611691508 42169.650342858055
10.245203970622951 28441.164118221128
13.316953349265026 18329.8071083243
16.16508169795227 13134.72706203685
19.289821712096508 9849.655764983745
26.09250937439504 5373.57305877517
30.607161941217623 3909.3563826527325
39.33057722116779 2335.7214690901187
45.61261592180938 1725.2105499420375
52.59556159750481 1217.6607739663568
66.43749649933105 705.8041547492656
81.09979591025179 428.1332398719387
98.4355619734381 263.6650898730355
114.80493119163052 177.82794100389154
133.89519251556482 118.13223510535765
152.6414458633017 83.37822234717866