1.0472494122981508 44788.11562345985
1.2742749857031348 44108.092068765174
1.5594895040582848 40239.369086248924
1.9085421440066879 42129.346024419814
2.3357214690901262 40859.747740624676
2.8420655162745168 37850.62801684269
3.478190651314134 34006.4628688746
4.256696454607871 31023.754293545684
5.209451270253211 27032.96534768668
6.338770272838487 23197.89108021897
7.802442493165061 18440.84132269312
9.493877179275762 14885.29599646463
11.551985672964769 11302.021943759528
14.137608138073613 7828.664968878453
17.301957388458945 5259.327708859661
21.05272272765707 3699.1872224834224
25.913963014396625 2523.4421646084097
31.53166233554368 1695.258304038921
38.58923467029907 1156.4395168521448
46.9547138249343 765.1048064273164
57.46434968715974 476.146793244231
70.73332279644438 287.39007174129307
86.06708472376177 170.8276393808705
104.72494122981476 104.69683541538575