1.0547900470691782 113870.24535228711
1.3529262751159665 113870.24535228734
1.7353306574944547 108616.90808398143
2.2258215737454097 96519.57137350687
2.8549496643502508 87819.25400320662
3.6619007031449926 74438.03013251665
4.696936316299511 60184.84958761134
5.9712021769297134 44274.51843494478
7.658961460287683 29634.31355763215
9.82376561905895 18920.08472772296
12.600451306433342 12368.233972929833
16.1619667327738 8085.228676856234
20.730143890792473 5041.550277041536
26.589515548347265 2793.533257985214
34.105037611910866 1622.7679071960188
43.35764019746312 920.666973162968
55.61266985137267 547.5976030421928
71.3315815600761 325.7020655659773
91.49344099933009 207.9451128340914
117.35404659222003 132.76295892211255
150.52414797329305 80.85228676856235