1.0831694596950017 120322.21677401359
1.3923302386850114 123915.03365224542
1.7999747747063395 120121.69637952516
2.300562057976929 114700.95867694305
2.957193900384376 95585.32020169451
3.8012431501894532 85912.44391386615
4.886202925342199 68418.85335183729
6.280834475540654 49760.7184982885
8.073525048364067 36742.240715279535
10.377889587824399 25537.128139415552
13.339971282915348 17220.358330839907
17.147497313691503 10930.492606834845
22.04177639419909 6530.774786842251
28.33299214013877 3961.4832547347737
36.41986150555612 2402.9843456188346
46.548514297999795 1331.2000664550283
60.17692441671667 737.4276911133063
77.35276395260388 402.3792226892349
99.43097207282848 203.56866587836691
127.08351525416917 99.92132020204184
163.3559915699534 41.52863610124893